1960 1	7.7
1960 2	7.8
1960 3	7.8
1960 4	7.8
1960 5	7.8
1960 6	7.8
1960 7	7.8
1960 8	7.8
1960 9	7.8
1960 10	7.9
1960 11	7.9
1960 12	7.9
1961 1	7.9
1961 2	7.9
1961 3	7.9
1961 4	8
1961 5	8
1961 6	8
1961 7	8
1961 8	8
1961 9	8.1
1961 10	8.1
1961 11	8.1
1961 12	8.1
1962 1	8.2
1962 2	8.2
1962 3	8.2
1962 4	8.3
1962 5	8.3
1962 6	8.3
1962 7	8.3
1962 8	8.3
1962 9	8.3
1962 10	8.3
1962 11	8.4
1962 12	8.4
1963 1	8.4
1963 2	8.5
1963 3	8.5
1963 4	8.5
1963 5	8.5
1963 6	8.5
1963 7	8.5
1963 8	8.6
1963 9	8.6
1963 10	8.6
1963 11	8.6
1963 12	8.7
1964 1	8.7
1964 2	8.7
1964 3	8.7
1964 4	8.7
1964 5	8.8
1964 6	8.8
1964 7	8.8
1964 8	8.8
1964 9	8.8
1964 10	8.9
1964 11	8.9
1964 12	8.9
1965 1	9
1965 2	9
1965 3	9
1965 4	9.1
1965 5	9.1
1965 6	9.1
1965 7	9.1
1965 8	9.1
1965 9	9.2
1965 10	9.2
1965 11	9.2
1965 12	9.3
1966 1	9.3
1966 2	9.3
1966 3	9.4
1966 4	9.4
1966 5	9.4
1966 6	9.5
1966 7	9.5
1966 8	9.5
1966 9	9.5
1966 10	9.6
1966 11	9.6
1966 12	9.6
1967 1	9.6
1967 2	9.7
1967 3	9.7
1967 4	9.7
1967 5	9.7
1967 6	9.8
1967 7	9.8
1967 8	9.8
1967 9	9.8
1967 10	9.9
1967 11	9.9
1967 12	10
1968 1	10
1968 2	10
1968 3	10.1
1968 4	10.1
1968 5	10.1
1968 6	10.2
1968 7	10.2
1968 8	10.2
1968 9	10.3
1968 10	10.3
1968 11	10.3
1968 12	10.4
1969 1	10.4
1969 2	10.5
1969 3	10.5
1969 4	10.6
1969 5	10.6
1969 6	10.7
1969 7	10.7
1969 8	10.7
1969 9	10.8
1969 10	10.8
1969 11	10.9
1969 12	10.9
1970 1	10.8
1970 2	10.9
1970 3	10.9
1970 4	11
1970 5	11
1970 6	11
1970 7	11.1
1970 8	11.1
1970 9	11.2
1970 10	11.2
1970 11	11.3
1970 12	11.3
1971 1	11.4
1971 2	11.5
1971 3	11.5
1971 4	11.6
1971 5	11.6
1971 6	11.7
1971 7	11.7
1971 8	11.8
1971 9	11.8
1971 10	11.9
1971 11	11.9
1971 12	12
1972 1	12
1972 2	12
1972 3	12.1
1972 4	12.2
1972 5	12.2
1972 6	12.2
1972 7	12.3
1972 8	12.4
1972 9	12.4
1972 10	12.5
1972 11	12.5
1972 12	12.6
1973 1	12.7
1973 2	12.8
1973 3	12.9
1973 4	13
1973 5	13.2
1973 6	13.2
1973 7	13.3
1973 8	13.5
1973 9	13.6
1973 10	13.7
1973 11	13.8
1973 12	14
1974 1	14.2
1974 2	14.4
1974 3	14.6
1974 4	14.8
1974 5	15
1974 6	15.1
1974 7	15.2
1974 8	15.4
1974 9	15.6
1974 10	15.8
1974 11	16
1974 12	16.1
1975 1	16.3
1975 2	16.4
1975 3	16.5
1975 4	16.7
1975 5	16.8
1975 6	17
1975 7	17.1
1975 8	17.2
1975 9	17.3
1975 10	17.5
1975 11	17.6
1975 12	17.7
1976 1	17.8
1976 2	18
1976 3	18.1
1976 4	18.3
1976 5	18.4
1976 6	18.5
1976 7	18.6
1976 8	18.7
1976 9	18.9
1976 10	19.1
1976 11	19.2
1976 12	19.4
1977 1	19.6
1977 2	19.8
1977 3	19.9
1977 4	20.2
1977 5	20.3
1977 6	20.4
1977 7	20.6
1977 8	20.7
1977 9	20.8
1977 10	21
1977 11	21.1
1977 12	21.2
1978 1	21.4
1978 2	21.5
1978 3	21.7
1978 4	21.9
1978 5	22.1
1978 6	22.3
1978 7	22.4
1978 8	22.5
1978 9	22.7
1978 10	22.9
1978 11	23
1978 12	23.1
1979 1	23.4
1979 2	23.6
1979 3	23.8
1979 4	24.1
1979 5	24.3
1979 6	24.6
1979 7	24.9
1979 8	25.1
1979 9	25.4
1979 10	25.7
1979 11	25.9
1979 12	26.2
1980 1	26.7
1980 2	27
1980 3	27.4
1980 4	27.8
1980 5	28
1980 6	28.3
1980 7	28.5
1980 8	28.6
1980 9	28.9
1980 10	29.2
1980 11	29.5
1980 12	29.7
1981 1	30.1
1981 2	30.4
1981 3	30.6
1981 4	30.9
1981 5	31.2
1981 6	31.5
1981 7	31.8
1981 8	32
1981 9	32.3
1981 10	32.6
1981 11	32.8
1981 12	33
1982 1	33.3
1982 2	33.5
1982 3	33.6
1982 4	34
1982 5	34.3
1982 6	34.7
1982 7	34.9
1982 8	35.3
1982 9	35.6
1982 10	35.9
1982 11	36.1
1982 12	36.4
1983 1	36.7
1983 2	36.9
1983 3	37.1
1983 4	37.5
1983 5	37.8
1983 6	38
1983 7	38.3
1983 8	38.5
1983 9	38.8
1983 10	39.1
1983 11	39.4
1983 12	39.6
1984 1	39.9
1984 2	40.2
1984 3	40.5
1984 4	40.8
1984 5	41
1984 6	41.2
1984 7	41.4
1984 8	41.6
1984 9	41.9
1984 10	42.2
1984 11	42.4
1984 12	42.5
1985 1	42.9
1985 2	43.2
1985 3	43.5
1985 4	43.8
1985 5	44
1985 6	44.2
1985 7	44.3
1985 8	44.5
1985 9	44.7
1985 10	45.1
1985 11	45.3
1985 12	45.6
1986 1	46
1986 2	46
1986 3	46.1
1986 4	46.3
1986 5	46.5
1986 6	46.8
1986 7	46.9
1986 8	47.2
1986 9	47.5
1986 10	47.9
1986 11	48.1
1986 12	48.5
1987 1	48.9
1987 2	49.2
1987 3	49.5
1987 4	50
1987 5	50.3
1987 6	50.6
1987 7	50.9
1987 8	51.3
1987 9	51.8
1987 10	52.3
1987 11	52.6
1987 12	53.4
1988 1	53.8
1988 2	54.2
1988 3	54.6
1988 4	55
1988 5	55.2
1988 6	55.4
1988 7	55.6
1988 8	55.9
1988 9	56.3
1988 10	56.6
1988 11	56.8
1988 12	57
1989 1	57.3
1989 2	57.6
1989 3	57.9
1989 4	58.5
1989 5	58.8
1989 6	59
1989 7	59.2
1989 8	59.3
1989 9	59.7
1989 10	60.1
1989 11	60.3
1989 12	60.5
1990 1	61.1
1990 2	61.5
1990 3	61.8
1990 4	62.3
1990 5	62.6
1990 6	62.8
1990 7	63
1990 8	63.5
1990 9	64.1
1990 10	64.7
1990 11	64.9
1990 12	65
1991 1	65.5
1991 2	65.8
1991 3	66
1991 4	66.4
1991 5	66.6
1991 6	66.9
1991 7	67.1
1991 8	67.3
1991 9	67.7
1991 10	68.1
1991 11	68.5
1991 12	68.6
1992 1	69
1992 2	69.3
1992 3	69.7
1992 4	70
1992 5	70.2
1992 6	70.3
1992 7	70.4
1992 8	70.6
1992 9	71
1992 10	71.3
1992 11	71.6
1992 12	71.6
1993 1	72.1
1993 2	72.4
1993 3	72.7
1993 4	73.1
1993 5	73.3
1993 6	73.4
1993 7	73.6
1993 8	73.8
1993 9	74.1
1993 10	74.4
1993 11	74.6
1993 12	74.7
1994 1	75
1994 2	75.3
1994 3	75.6
1994 4	76.2
1994 5	76.5
1994 6	76.7
1994 7	76.9
1994 8	77.2
1994 9	77.6
1994 10	77.9
1994 11	78.1
1994 12	78.4
1995 1	78.9
1995 2	79.4
1995 3	79.9
1995 4	80.6
1995 5	81
1995 6	81.3
1995 7	81.4
1995 8	81.7
1995 9	82.2
1995 10	82.5
1995 11	82.7
1995 12	83
1996 1	83.6
1996 2	84
1996 3	84.5
1996 4	85.1
1996 5	85.4
1996 6	85.5
1996 7	85.7
1996 8	85.9
1996 9	86.3
1996 10	86.7
1996 11	87
1996 12	87.3
1997 1	87.7
1997 2	88.1
1997 3	88.4
1997 4	88.8
1997 5	89.1
1997 6	89.3
1997 7	89.5
1997 8	89.8
1997 9	90.3
1997 10	90.7
1997 11	90.9
1997 12	91.2
1998 1	91.6
1998 2	91.9
1998 3	92.2
1998 4	92.6
1998 5	92.8
1998 6	93
1998 7	93
1998 8	93.2
1998 9	93.6
1998 10	94
1998 11	94.2
1998 12	94.3
1999 1	94.5
1999 2	94.7
1999 3	95.1
1999 4	95.7
1999 5	95.9
1999 6	95.9
1999 7	96.2
1999 8	96.5
1999 9	97
1999 10	97.4
1999 11	97.5
1999 12	97.8
2000 1	98.1
2000 2	98.6
2000 3	99.2
2000 4	99.4
2000 5	99.6
2000 6	100
2000 7	100.2
2000 8	100.3
2000 9	100.8
2000 10	101.1
2000 11	101.3
2000 12	101.4
2001 1	101.8
2001 2	102.1
2001 3	102.5
2001 4	103.1
2001 5	103.7
2001 6	103.9
2001 7	103.7
2001 8	103.9
2001 9	104.3
2001 10	104.4
2001 11	104.3
2001 12	104.4
2002 1	104.7
2002 2	105
2002 3	105.5
2002 4	106
2002 5	106.1
2002 6	106.2
2002 7	106.2
2002 8	106.5
2002 9	106.8
2002 10	107.1
2002 11	107.2
2002 12	107.3
2003 1	107.6
2003 2	108.2
2003 3	108.7
2003 4	108.8
2003 5	108.7
2003 6	108.8
2003 7	108.8
2003 8	109
2003 9	109.4
2003 10	109.5
2003 11	109.4
2003 12	109.5
2004 1	109.8
2004 2	110.2
2004 3	110.8
2004 4	111.1
2004 5	111.6
2004 6	111.8
2004 7	111.7
2004 8	111.8
2004 9	112.1
2004 10	112.6
2004 11	112.7
2004 12	112.6
2005 1	112.5
2005 2	113
2005 3	113.6
2005 4	114.2
2005 5	114.3
2005 6	114.3