0.5334
0.5264
0.5407
0.5393
0.5294
0.5389
0.5512
0.5531
0.5825
0.5892
0.5773
0.5686
0.5653
0.5591
0.5604
0.5639
0.5697
0.5567
0.5522
0.5514
0.5493
0.5481
0.5624
0.5894
0.6105
0.6165
0.6295
0.6002
0.5832
0.5762
0.5751
0.5676
0.5683
0.5783
0.5709
0.573
0.5703
0.5771
0.5907
0.5941
0.5866
0.5927
0.5953
0.591
0.5889
0.5976
0.6006
0.6056
0.6217
0.6163
0.603
0.5834
0.5778
0.572
0.56
0.5758
0.5756
0.5882
0.5917
0.6039
0.6258
0.6489
0.6511
0.6341
0.6347
0.638
0.6563
0.6871
0.6984
0.729
0.7233
0.7272
0.7379
0.7402
0.7109
0.7038
0.6961
0.7
0.6984
0.6987
0.696
0.6933
0.691
0.6911
0.6937
0.6927
0.6743
0.6614
0.6572
0.665
0.6614
0.6499
0.6596
0.6562
0.6555
0.6483
0.6407
0.6417
0.6503
0.6541
0.6564
0.6741
0.67432
0.67541
0.67667
0.69444
0.71181
0.73147
0.72807
0.71832
0.73704
0.74024
0.73354
0.71498
0.69813
0.69278
0.69849
0.69514
0.70308
0.70931
0.70186
0.70421
0.70024
0.69204
0.69473
0.69893
0.69713
0.69902
0.70056
0.70347
0.70767
0.71307
0.71419
0.71054
0.71346
0.70734
0.7
0.7029
0.71419
0.72254
0.74834
0.80049
0.81132
0.79827
0.79086
0.82233
0.80683
0.78926
0.78585
0.78389
0.76039
0.75961
0.7733
0.77401
0.76234
0.75721
0.74639
0.75563
0.76545
0.76812
0.77435
0.77597
0.79053
0.79322
0.79024
0.78509
0.78251
0.77989
0.7883
0.80082
0.82301
0.83391
0.83229
0.83475
0.84318
0.83167
0.82751
0.83788
0.84695
0.84727
0.84406
0.8389
0.839
0.83401
0.82266
0.81253
0.81768
0.82793
0.81384
0.79373
0.76805
0.75164
0.73234
0.71702
0.71605
0.70275
0.70356
0.69126
0.66097
0.66923
0.68745
0.68674
0.67494
0.66926
0.66506
0.66387
0.65264
0.65262
0.67743
0.66696
0.66766
0.67451
0.68666
0.70459
0.7007
0.70179
0.70291
0.68851
0.67127
0.66502
0.65825
0.65025
0.65779
0.66014
0.64683
0.64587
0.63702
0.62651
0.61834
0.61466
0.61063
0.59802
0.60151
0.62927
0.62304
0.6071
0.60773
0.58933
0.60039
0.61342
0.6348
0.634
0.62915
0.62168
0.61328
0.6089
0.60857
0.62672
0.62291
0.62393
0.61838
0.62012
0.61659
0.6116
0.61574
0.61407
0.62823
0.64405
0.6387
0.63633
0.63059
0.62994
0.63709
0.64218
0.65711
0.66977
0.68255
0.68902
0.71322
0.70224
0.70045
0.69919
0.69693
0.69763
0.69278
0.70196
0.69215
0.6769
0.67124
0.66533
0.67157
0.66428
0.66576
0.66942
0.6813
0.69144
0.69862
0.695
0.69867
0.68968
0.69233
0.68293
0.68399
0.66895
0.68756