1977 1	14.25
1977 2	13.375
1977 3	13.336
1977 4	13.25
1977 5	13.875
1977 6	13.341
1977 7	15.479
1977 8	16.956
1977 9	17.5
1977 10	20.875
1977 11	17.981
1977 12	16.051
1978 1	13.35
1978 2	9.542
1978 3	8.777
1978 4	10.838
1978 5	13.646
1978 6	16.601
1978 7	21.501
1978 8	26.12
1978 9	24.345
1978 10	22.553
1978 11	26
1978 12	17.813
1979 1	13.07
1979 2	14.592
1979 3	13.833
1979 4	12.1
1979 5	18.875
1979 6	18.634
1979 7	17.839
1979 8	15.688
1979 9	16.77
1979 10	14.399
1979 11	14.477
1979 12	15.964
1980 1	15.495
1980 2	14.339
1980 3	17.112
1980 4	17.914
1980 5	18.728
1980 6	18.025
1980 7	15.935
1980 8	15.55
1980 9	15.325
1980 10	15.785
1980 11	16.322
1980 12	17.742
1981 1	17.641
1981 2	15.942
1981 3	14.825
1981 4	14.78
1981 5	16.676
1981 6	17.213
1981 7	16.663
1981 8	16.433
1981 9	16.213
1981 10	15.553
1981 11	16.09
1981 12	16.103
1982 1	15.759
1982 2	15.188
1982 3	14.645
1982 4	15.506
1982 5	16.047
1982 6	17.726
1982 7	17.446
1982 8	15.855
1982 9	15.148
1982 10	17.108
1982 11	17.962
1982 12	16.988
1983 1	16.777
1983 2	16.98
1983 3	16.627
1983 4	18.251
1983 5	21.245
1983 6	21.039
1983 7	22.392
1983 8	23.411
1983 9	22.347
1983 10	21.831
1983 11	20.694
1983 12	19.001
1984 1	18.414
1984 2	18.457
1984 3	17.139
1984 4	16.21
1984 5	15.41
1984 6	14.414
1984 7	13.651
1984 8	13.749
1984 9	13.109
1984 10	13.075
1984 11	12.93
1984 12	12.216
1985 1	12.297
1985 2	12.185
1985 3	12.14
1985 4	12.669
1985 5	12.757
1985 6	14.211
1985 7	14.204
1985 8	13.422
1985 9	11.46
1985 10	10.367
1985 11	10.472
1985 12	10.509
1986 1	10.683
1986 2	10.719
1986 3	11.587
1986 4	12.274
1986 5	11.631
1986 6	12.058
1986 7	12.511
1986 8	12.184
1986 9	11.529
1986 10	11.406
1986 11	11.52
1986 12	11.791
1987 1	12.351
1987 2	12.597
1987 3	14.598
1987 4	17.09
1987 5	19.803
1987 6	18.289
1987 7	17.563
1987 8	16.832
1987 9	16.865
1987 10	15.842
1987 11	14.44
1987 12	13.595
1988 1	12.73
1988 2	12.012
1988 3	11.055
1988 4	10.902
1988 5	11.107
1988 6	10.443
1988 7	10.786
1988 8	10.747
1988 9	11.175
1988 10	12.629
1988 11	12.57
1988 12	13.648
1989 1	14.135
1989 2	14.563
1989 3	15.127
1989 4	14.78
1989 5	14.765
1989 6	14.896
1989 7	15.53
1989 8	15.307
1989 9	15.064
1989 10	14.959
1989 11	15.331
1989 12	15.979
1990 1	15.604
1990 2	15.498
1990 3	15.434
1990 4	14.992
1990 5	15.046
1990 6	14.996
1990 7	15.01
1990 8	15.018
1990 9	15.157
1990 10	14.967
1990 11	14.978
1990 12	15.119
1991 1	15.148
1991 2	14.703
1991 3	13.787
1991 4	13.463
1991 5	12.936
1991 6	12.494
1991 7	12.821
1991 8	12.717
1991 9	12.394
1991 10	12.618
1991 11	12.72
1991 12	12.92
1992 1	12.878
1992 2	12.749
1992 3	12.574
1992 4	12.546
1992 5	12.502
1992 6	12.624
1992 7	12.95
1992 8	13.483
1992 9	14.118
1992 10	14.234
1992 11	14.29
1992 12	15.156
1993 1	14.405
1993 2	13.829
1993 3	14.645
1993 4	13.968
1993 5	12.847
1993 6	11.102
1993 7	11.271
1993 8	10.553
1993 9	9.979
1993 10	9.58
1993 11	9.215
1993 12	8.863
1994 1	8.766
1994 2	8.622
1994 3	8.144
1994 4	7.876
1994 5	7.678
1994 6	7.706
1994 7	7.747
1994 8	7.812
1994 9	7.843
1994 10	7.82
1994 11	7.864
1994 12	8.224
1995 1	8.94
1995 2	8.602
1995 3	9.556
1995 4	9.352
1995 5	9.38
1995 6	9.631
1995 7	9.653
1995 8	9.598
1995 9	9.38
1995 10	9.481
1995 11	9.484
1995 12	9.213
1996 1	8.885
1996 2	8.712
1996 3	8.435
1996 4	7.576
1996 5	7.469
1996 6	7.301
1996 7	7.251
1996 8	7.332
1996 9	7.063
1996 10	6.848
1996 11	6.696
1996 12	6.359
1997 1	5.932
1997 2	5.889
1997 3	5.829
1997 4	5.565
1997 5	5.273
1997 6	5.205
1997 7	5.268
1997 8	5.34
1997 9	5.167
1997 10	5.122
1997 11	5.045
1997 12	4.832
1998 1	4.703
1998 2	4.644
1998 3	4.44
1998 4	4.405
1998 5	4.336
1998 6	4.332
1998 7	4.328
1998 8	4.351
1998 9	4.252
1998 10	3.987
1998 11	3.804
1998 12	3.361
1999 1	3.112
1999 2	3.064
1999 3	3.033
1999 4	2.679
1999 5	2.56
1999 6	2.603
1999 7	2.66
1999 8	2.681
1999 9	2.688
1999 10	3.32
1999 11	3.444
1999 12	3.449
2000 1	3.309
2000 2	3.518
2000 3	3.744
2000 4	3.92
2000 5	4.356
2000 6	4.497
2000 7	4.574
2000 8	4.776
2000 9	4.854
2000 10	5.027
2000 11	5.075
2000 12	4.933
2001 1	4.749
2001 2	4.734
2001 3	4.701
2001 4	4.666
2001 5	4.632
2001 6	4.449
2001 7	4.439
2001 8	4.36
2001 9	3.964
2001 10	3.571
2001 11	3.357
2001 12	3.346
2002 1	3.325
2002 2	3.342
2002 3	3.385
2002 4	3.398
2002 5	3.456
2002 6	3.459
2002 7	3.392
2002 8	3.337
2002 9	3.295
2002 10	3.252
2002 11	3.084
2002 12	2.95
2003 1	2.828
2003 2	2.71
2003 3	2.525
2003 4	2.527
2003 5	2.395
2003 6	2.163
2003 7	2.127
2003 8	2.152
2003 9	2.142
2003 10	2.137
2003 11	2.146
2003 12	2.141
2004 1	2.084
2004 2	2.064
2004 3	2.026
2004 4	2.034
2004 5	2.081
2004 6	2.103
2004 7	2.108
2004 8	2.108
2004 9	2.112
2004 10	2.149
2004 11	2.165
2004 12	2.171
2005 1	2.142
2005 2	2.133
2005 3	2.131
2005 4	2.128
2005 5	2.119
2005 6	2.097
2005 7	2.109