1.1499999762
1.1499999762
1.1499999762
1.1499999762
1.1499999762
1.1699999571
1.2000000477
1.2000000477
1.2000000477
1.2000000477
1.2000000477
1.1699999571
1.1499999762
1.2000000477
1.1499999762
1.3799999952
1.3799999952
1.3300000429
1.3300000429
1.3300000429
1.3500000238
1.3300000429
1.2999999523
1.2300000191
1.2300000191
1.2300000191
1.2300000191
1.2300000191
1.25
1.3700000048
1.3799999952
1.3999999762
1.3799999952
1.3300000429
1.3300000429
1.3999999762
1.3999999762
1.3300000429
1.3300000429
1.3799999952
1.3500000238
1.4500000477
1.3300000429
1.3300000429
1.4199999571
1.4199999571
1.4199999571
1.3999999762
1.3300000429
1.3999999762
1.3999999762
1.3300000429
1.3300000429
1.3300000429
1.3300000429
1.3300000429
1.2799999714
1.3899999857
1.3200000525
1.3200000525
1.3200000525
1.3500000238
1.3500000238
1.3200000525
1.3200000525
1.3200000525
1.3200000525
1.3200000525
1.3200000525
1.2599999905
1.25
1.25
1.1799999475
1.2100000381
1.2100000381
1.1200000048
1.1000000238
1.1299999952
1.1000000238
1.1000000238
1.1100000143
1.2000000477
1.0900000334
1.0900000334
1.1499999762
1.1499999762
1.1499999762
1.1499999762
1.1499999762
1.2000000477
1.1000000238
1.1000000238
1.1000000238
1.1000000238
1.1000000238
1.1000000238
1.1000000238
1.1000000238
1.1000000238
1.1000000238
1.1000000238
1.1000000238
1.1000000238
1.1000000238
1.1000000238
1.0199999809
1.1699999571
1.1699999571
1.2300000191
1.2699999809
1.2000000477
1.2000000477
1.25
1.25
1.25
1.2000000477
1.25
1.2300000191
1.25
1.25
1.25
1.25
1.3799999952
1.3799999952
1.3500000238
1.3500000238
1.3500000238
1.3500000238
1.3500000238
1.2999999523
1.3500000238
1.3500000238
1.4299999475
1.3600000143
1.4500000477
1.3999999762
1.3799999952
1.3899999857
1.3600000143
1.3600000143
1.2999999523
1.2999999523
1.2999999523
1.2999999523
1.2999999523
1.25
1.25
1.25
1.1499999762
1.25
1.25
1.3300000429
1.1499999762
1.3300000429
1.2999999523
1.1499999762
1.2999999523
1.2999999523
1.25
1.2999999523
1.2000000477
1.2999999523
1.2999999523
1.2999999523
1.2100000381
1.2999999523
1.2999999523
1.2999999523
1.2999999523
1.25
1.2999999523
1.25
1.25
1.2200000286
1.2300000191
1.25
1.2100000381
1.25
1.25
1.25
1.2100000381
1.2100000381
1.25
1.1799999475
1.1799999475
1.1799999475
1.1799999475
1.1799999475
1.1799999475
1.2300000191
1.25
1.25
1.1799999475
1.1799999475
1.1799999475
1.1799999475
1.1799999475
1.1799999475
1.1799999475
1.1799999475
1.2000000477
1.2000000477
1.2000000477
1.2000000477
1.2000000477
1.2000000477
1.2000000477
1.1799999475
1.1399999857
1.1399999857
1.1399999857
1.1399999857
1.1399999857
1.1399999857
1.25
1.1399999857
1.0800000429
1.0499999523
1.0499999523
1.0499999523
1.1000000238
1.1000000238
1.2000000477
1.1699999571
1.1699999571
1.1699999571
1.1699999571
1.1699999571
1.1699999571
1.2400000095
1.1000000238
1.25
1.1399999857
1.1900000572
1.0900000334
1.1900000572
1.1900000572
1.1900000572
1.1900000572
1.1900000572
1.1900000572
1.2699999809
1.3300000429
1.3500000238
1.2300000191
1.2300000191
1.2300000191
1.2300000191
1.2300000191
1.2300000191
1.2300000191
1.2300000191
1.25
1.25
1.25
1.4199999571
1.2999999523
1.2999999523
1.2999999523
1.4199999571
1.3999999762
1.3600000143
1.3999999762
1.5499999523
1.5499999523
1.4800000191
1.4600000381
1.4600000381
1.4600000381
1.6000000238
1.4600000381
1.4800000191
1.6000000238
1.6000000238
1.5499999523
1.6499999762
1.6499999762
1.6000000238
1.6100000143
1.6499999762
1.6000000238
1.6499999762
1.6000000238
1.6200000048
1.6000000238
1.6699999571
1.6699999571
1.6699999571
1.7300000191
1.7300000191
1.7300000191
1.6100000143
1.6100000143
1.6000000238
1.6000000238
1.5
1.5
1.6000000238
1.6000000238
1.6000000238
1.5
1.6000000238
1.5
1.5
1.5
1.5
1.5
1.5
1.5
1.4800000191
1.5
1.5
1.5
1.5
1.5
1.5
1.5
1.5
1.5
1.5
1.5
1.5
1.5
1.5
1.5
1.5
1.5
1.5
1.5
1.5
1.5499999523
1.5199999809
1.5
1.5
1.4199999571
1.4099999666
1.4199999571
1.5
1.5
1.4099999666
1.4099999666
1.4800000191
1.4800000191
1.4800000191
1.4800000191
1.4800000191
1.4800000191
1.5
1.4800000191
1.4800000191
1.4800000191
1.5
1.4800000191
1.4800000191
1.4800000191
1.4800000191
1.3999999762
1.3999999762
1.4099999666
1.3999999762
1.4199999571
1.4199999571
1.4199999571
1.4299999475
1.4199999571
1.4199999571
1.4299999475
1.4299999475
1.4199999571
1.4199999571
1.4199999571
1.4299999475
1.4199999571
1.4199999571
1.4199999571
1.4199999571
1.5
1.4199999571
1.4199999571
1.4199999571
1.4199999571
1.4199999571
1.3500000238
1.3600000143
1.3500000238
1.3500000238
1.3500000238
1.3500000238
1.3500000238
1.3500000238
1.3500000238
1.3500000238
1.3500000238
1.3500000238
1.3500000238
1.3500000238
1.3500000238
1.3500000238
1.3500000238
1.3500000238
1.3500000238
1.3600000143
1.3500000238
1.3500000238
1.3500000238
1.3500000238
1.3500000238
1.3500000238
1.3500000238
1.3500000238
1.3500000238
1.3500000238
1.3500000238
1.3500000238
1.3500000238
1.2000000477
1.25
1.2999999523
1.2999999523
1.2999999523
1.2999999523
1.2999999523
0.5
0.5
0.5
0.5
0.5
1.2000000477
1.2000000477
1
1
1.0800000429
1.1100000143
1.1100000143
1.1000000238
1.1000000238
1.2999999523
1.1200000048
1.1200000048
1
1
1.3500000238
1
1
1
1
1
1
1
1
1
1
1
1
1
1
1.25
1
1
1
1
1
1
1
1
1
1.2000000477
1.3500000238
1.2999999523
1.3500000238
1
1.3300000429
1.0499999523
1.0499999523
1.0499999523
1.2999999523
1.2999999523
1
1
1
1.0800000429
1.0199999809
1.1000000238
1.0800000429
1.0800000429
1.0700000525
1.0700000525
1.1000000238
1.0800000429
1.0800000429
1
1
1
0.9800000191
0.9499999881
0.9499999881
1.0499999523
1
1
1
1
1
1
0.9599999785
0.9599999785
0.9599999785
0.9599999785
0.9599999785
0.9599999785
0.9800000191
0.9800000191
0.9800000191
0.9499999881
0.9499999881
0.9800000191
0.9800000191
0.9800000191
0.9800000191
0.9800000191
0.9800000191
0.9800000191
0.9499999881
1
0.9499999881
0.9499999881
1
1
1
0.9800000191
0.9499999881
0.9499999881
1
0.9800000191
1
0.9800000191
0.9800000191
0.9800000191
0.9800000191
0.9800000191
0.9499999881
1
1
1
0.9800000191
1
1.1000000238
0.9800000191
0.9800000191
0.9800000191
1
1.0199999809
1.1000000238
1.1000000238
1.0299999714
1
0.5
1.1299999952
1.0099999905
1.0099999905
1.0099999905
0.9499999881
1.0099999905
1.0099999905
1.0099999905
1.0099999905
0.9499999881
0.9499999881
0.9499999881
1.0199999809
1.0199999809
0.9499999881
0.9499999881
0.9499999881
0.9499999881
0.9499999881
0.9499999881
0.9599999785
0.9499999881
0.9499999881
0.9499999881
0.9499999881
0.9499999881
0.9499999881
1.0099999905
0.9499999881
1.1200000048
1.1200000048
1.1100000143
1.1100000143
0.9800000191
1.1100000143
0.9800000191
0.9800000191
1.1100000143
1.1100000143
1.1000000238
1.1000000238
1.1000000238
1.0499999523
1.1100000143
1.1100000143
1.1000000238
1.1000000238
1.1000000238
1.1000000238
1.1000000238
1.1000000238
1.1000000238
1.1000000238
1.1000000238
1.1000000238
1.1000000238
1.1000000238
1.1000000238
1.1000000238
1.1000000238
1.1000000238
1.1000000238
1.1100000143
1.1000000238
1.1499999762
1.1499999762
1.1499999762
1.1499999762
0.9499999881
0.9499999881
0.9499999881
0.9499999881
1.1699999571
1.1299999952
1.1499999762
1.1499999762
1.2300000191
1.1200000048
1.1200000048
1.1499999762
1.1200000048
1.1200000048
1.1200000048
1.1200000048
1.1200000048
1.1200000048
1.1200000048
0.9499999881
1.2000000477
1.2000000477
1.2000000477
1.2000000477
1.2000000477
1.2000000477
0.9499999881
0.9499999881
0.9499999881
0.9499999881
0.9499999881
0.9499999881
0.9499999881
0.9499999881
0.9499999881
1.2000000477
1.2000000477
1.2000000477
1.2000000477
1
1
1.2000000477
1.2000000477
1.2000000477
1.2000000477
1.2000000477
0.9499999881
0.9499999881
0.9499999881
0.9499999881
0.9499999881
1.2000000477
1.2000000477
1.2000000477
1.2000000477
0.9499999881
1.2000000477
1.2000000477
0.9499999881
0.9499999881
0.9499999881
1.2000000477
1.2000000477
1.2000000477
1.2000000477
1.2000000477
1.25
1.2000000477
1.2000000477
1.2000000477
1.2000000477
1.25
1.25
1.25
1.2300000191
1.25
1.2300000191
1.2400000095
1.2300000191
1.2300000191
1.2699999809
1.2000000477
1.2400000095
0.9499999881
0.9499999881
0.9499999881
0.9499999881
0.9499999881
0.9499999881
0.9499999881
0.9499999881
0.9499999881
1
1.2400000095
0.9499999881
0.9499999881
1.2400000095
1.2400000095
1.2400000095
1.2400000095
1.2400000095
1.2400000095
0.9499999881
0.9499999881
1.2400000095
0.9499999881
1.2400000095
0.9499999881
0.9499999881
1.2400000095
1.2400000095
1.2400000095
1.2400000095
1.2400000095
1.2400000095
1.2400000095
1.2400000095
1.2400000095
1.2400000095
1.2400000095
1.2400000095
1.2400000095
1.2400000095
1.2400000095
1.2400000095
1.2400000095
1.2400000095
0.9499999881
0.9499999881
1.2400000095
1.2400000095
1.3300000429
1.4600000381
1.25
1.25
1.25
1.25
1.25
1.25
1.2999999523
1.25
0.9499999881
0.9499999881
0.9499999881
0.9499999881
1.2999999523
1.25
1.2999999523
1.4199999571
1.2999999523
0.9499999881
1.25
0.9499999881
1.2999999523
0.9499999881
1.2999999523
0.9499999881
0.9499999881
0.9499999881
0.9499999881
0.9499999881
1.25
1.25
1
1.0099999905
1.0099999905
1.25
1.25
1.25
1.25
1.25
1.25
0.9499999881
1.25
1.25
1.25
1.2300000191
1.2000000477
1.25
1.25
1.25
1.3300000429
1.2699999809
1.2999999523
1.2999999523
1.2999999523
1.2999999523
1.2999999523
1.25
1.25
1.2999999523
1.25
1.2699999809
1.2999999523
1.2999999523
0.9499999881
1.25
1.2999999523
1.5
1.3500000238
1.3500000238
1.3500000238
0.9499999881
1.3799999952
1.3999999762
1.4199999571
0.9499999881
1.5
1.4199999571
1.5
1.4500000477
1.5
1.4800000191
1.4800000191
1.4800000191
1.4800000191
1.5
1.5
0.9499999881
1.5
1.5
1.5
1.4199999571
1.4500000477
1.4199999571
1.4199999571
1.4500000477
1.3300000429
1.4099999666
1.4099999666
1.3999999762
1.3300000429
1.3300000429
1.3300000429
1.4500000477
1.3300000429
1.3300000429
1.3300000429
1.3300000429
1.75
1.5
1.75
1.8999999762
2
1.6000000238
1.5
1.5
1.5
1.5
1.9900000095
1.5
1.5
1.5
1.5
1.5
1.5
1.9900000095
1.5
1.5
1.5
1.5
1.5
1.5
1.5
1.5
1.5
1.5
0.9499999881
1.5
1.5
1.5
1.5
1.5
1.5
1.5
1.5
1.5
1.5
1.5
1.5
1.5
1.5
1.5199999809
1.75
1.5499999523
1.5499999523
1.5499999523
1.75
1.25
1.5499999523
1.75
1.75
1.6000000238
1.6000000238
1.6000000238
1.6000000238
1.5499999523
1.5499999523
1.5499999523
1.5499999523
1.5499999523
1.5499999523
1.5499999523
1.5499999523
1.5499999523
1.5499999523
1.3300000429
1.5499999523
1.5499999523
1.5499999523
1.5499999523
1.3300000429
1.6000000238
1.6000000238
1.6000000238
1.6000000238
1.6000000238
1.6000000238
1.6000000238
1.6000000238
1.6000000238
1.6000000238
1.6000000238
1.6000000238
1.6000000238
1.6000000238
1.6000000238
1.6000000238
1.6000000238
1.6000000238
1.6000000238
1.6000000238
1.6000000238
1.6000000238
1.6000000238
1.5
1.5
1.5
1.5
1.5
1.5
1.5
1.5
1.25
1.25
1.5
1.25
1.25
1.2699999809
1.5
1.5
1.2999999523
1.3999999762
1.5
1.3500000238
1.3300000429
1.3500000238
1.3799999952
1.5800000429
1.2999999523
1.2999999523
1.2999999523
1.2999999523
1.2999999523
1.2999999523
1.2999999523
1.2999999523
1.2999999523
1.2999999523
1.5
1.2999999523
1.2999999523
1.6000000238
1.2999999523
1.6000000238
1.2999999523
1.3500000238
1.5
1.5
1.4199999571
1.5199999809
1.3500000238
1.3500000238
1.5199999809
1.6399999857
1.5
1.5
1.5
1.4500000477
1.3500000238
1.3500000238
1.3500000238
1.3500000238
1.3500000238
1.3500000238
1.3500000238
1.4199999571
1.4199999571
1.4199999571
1.4199999571
1.4199999571
1.4199999571
1.5
1.5
1.5
1.4199999571
1.4199999571
1.4199999571
1.5
1.5
1.4299999475
1.4299999475
1.5199999809
1.5
1.8999999762
1.4299999475
1.4299999475
1.4299999475
1.6499999762
1.6499999762
1.6499999762
1.6399999857
1.4299999475
1.6200000048
1.6000000238
1.4299999475
1.4299999475
1.5
1.4299999475
1.4299999475
1.4299999475
1.4299999475
1.4299999475
1.8899999857
1.8899999857
1.8799999952
1.4299999475
1.4299999475
1.8899999857
1.8899999857
1.8899999857
1.8899999857
1.8899999857
1.8899999857
1.8899999857
1.8899999857
1.8899999857
1.8899999857
1.8899999857
1.8899999857
1.8899999857
1.8799999952
1.8899999857
1.5
1.5
1.5
1.5
1.75
1.75
1.75
1.75
1.5
1.5499999523
1.5
1.5
1.5499999523
1.8500000238
1.5099999905
1.7000000477
1.7000000477
1.8799999952
1.7000000477
1.8799999952
1.8799999952
1.8799999952
1.8799999952
1.8799999952
1.8700000048
1.8799999952
1.8799999952
1.8999999762
1.8999999762
1.9199999571
1.9199999571
1.9199999571
1.9199999571
1.9199999571
1.8999999762
1.9199999571
1.8999999762
1.8999999762
1.8799999952
1.8799999952
1.8999999762
1.8500000238
1.8500000238
1.8200000525
1.8300000429
1.8200000525
1.7999999523
1.8300000429
1.75
1.7699999809
1.7699999809
1.6499999762
1.7799999714
1.7799999714
1.7699999809
1.7699999809
1.7699999809
1.7899999619
1.7999999523
1.7699999809
1.7599999905
1.7599999905
1.7599999905
1.7799999714
1.7699999809
1.7799999714
1.7799999714
1.7799999714
1.7999999523
1.8200000525
1.7999999523
1.8200000525
1.7999999523
1.7999999523
1.7899999619
1.7899999619
1.7899999619
1.7899999619
1.7899999619
1.7899999619
1.7899999619
1.7799999714
1.7699999809
1.7699999809
1.7699999809
1.7699999809
1.7699999809
1.7699999809
1.7699999809
1.7699999809
1.7699999809
1.7699999809
1.7699999809
1.7699999809
1.7699999809
1.7699999809
1.7699999809
1.7699999809
1.7699999809
1.7699999809
1.7699999809
1.7999999523
1.7899999619
1.7899999619
1.7899999619
1.7899999619
1.7899999619
1.7899999619
1.7899999619
1.7899999619
1.7899999619
1.7899999619
1.7899999619
1.7899999619
1.7899999619
1.7899999619
1.7899999619
1.7899999619
1.7899999619
1.7899999619
1.7899999619
1.7899999619
1.7899999619
1.7899999619
1.8200000525
1.8300000429
1.8200000525
1.8300000429
1.8200000525
1.8200000525
1.8500000238
1.8400000334
1.8300000429
1.8300000429
1.8200000525
1.8200000525
1.8200000525
1.8200000525
1.8200000525
1.8200000525
1.8200000525
1.8200000525
1.8200000525
1.8200000525
1.8200000525
1.8200000525
1.8200000525
1.8200000525
1.8099999428
1.7999999523
1.8200000525
1.8300000429
1.8700000048
1.8700000048
1.8700000048
1.8600000143
1.8600000143
1.8799999952
1.8799999952
1.8799999952
1.8799999952
1.8999999762
1.9099999666
1.9299999475
1.9299999475
1.9299999475
1.9500000477
1.9500000477
1.9400000572
1.9400000572
1.9700000286
1.9600000381
1.9500000477
1.9500000477
1.9700000286
1.9700000286
1.9900000095
2
2
2.0199999809
2.0399999619
2.0599999428
2.0499999523
2.0699999332
2.0899999142
2.0999999046
2.0999999046
2.0999999046
2.1199998856
2.1500000954
2.2200000286
2.2599999905
2.3299999237
2.3299999237
2.3299999237
2.3299999237
2.3299999237
2.3199999332
2.3199999332
2.3199999332
2.1900000572
2.1800000668
2.2000000477
2.2100000381
2.2300000191
2.2200000286
2.2300000191
2.2300000191
2.2300000191
2.2300000191
2.2300000191
2.2300000191
2.2300000191
2.2200000286
2.2100000381
2.2100000381
2.2100000381
2.2400000095
2.2300000191
2.2200000286
2.2200000286
2.2400000095
2.2300000191
2.2300000191
2.2300000191
2.2300000191
2.1900000572
2.1800000668
2.1800000668
2.1800000668
2.1800000668
2.1800000668
2.1800000668
2.1800000668
2.1700000763
2.1700000763
2.1700000763
2.1700000763
2.1700000763
2.1700000763
2.2000000477
2.1900000572
2.2100000381
2.2300000191
2.2400000095
2.2300000191
2.2799999714
2.2899999619
2.3099999428
2.3199999332
2.3599998951
2.4000000954
2.4000000954
2.4400000572
2.4800000191
2.4900000095
2.5
2.5099999905
2.5299999714
2.7000000477
3
3.4000000954
3.4500000477
3.4500000477
3.25
3.4500000477
3.4400000572
3.25
3.5
3.4700000286
3.4000000954
3.4500000477
3.4500000477
3.5999999046
3.7000000477
3.5999999046
3.5999999046
3.5499999523
3.5
3.4000000954
3.25
3.25
2.25
3
3.1500000954
3.0999999046
3
2.9500000477
2.8499999046
3.0799999237
2.9000000954
2.9000000954
2.9000000954
2.9200000763
2.6500000954
2.75
2.6500000954
2.5499999523
2.7999999523
2.7999999523
3.0499999523
3.1500000954
3
3.0999999046
3.0299999714
3
2.8499999046
2.9000000954
2.8499999046
2.8499999046
2.8499999046
2.9500000477
3
2.8499999046
2.9000000954
2.5
2.5
2.75
2.9000000954
2.5499999523
2.5999999046
2.9500000477
3
2.75
3
3.2400000095
3
3
2.5499999523
3
3
2.5999999046
3.5
3.5
3.5599999428
3.5999999046
4
4.25
4.0100002289
4
3.75
3.75
4.25
4
4
4
4.1999998093
4
4
4
4.1999998093
4.4000000954
4.1599998474
4.1500000954
4.1500000954
4.1500000954
4.1500000954
4.1500000954
4.1500000954
4
3.9000000954
4.4400000572
4.4000000954
4.5
4.5
4.6300001144
4.4499998093
4.3499999046
4.3499999046
4.5
5.5
5.6500000954
5.9499998093
5.6999998093
6
6.2199997902
6.0300002098
6.2199997902
6.1999998093
6.1999998093
6.1999998093
6.25
6.0999999046
6
6.25
6.25
6.5
7
7
7.0999999046
7.0999999046
7.1500000954
7.0300002098
7
7.25
7.5
7.5
7.75
8.4499998093
8.5
9.2700004578
8.8500003815
9
9.0500001907
9.0500001907
9.3500003815
9.4499998093
9.1999998093
9.2600002289
9.4499998093
9.3800001144
9.0500001907
9.25
9.3000001907
9.2700004578
9.2700004578
9
9
8.75
8.3699998856
8.25
8.3999996185
8.2600002289
8.6000003815
8.6000003815
8.6000003815
8.5699996948
8.6000003815
8.8500003815
9.0200004578
9.0200004578
9.6000003815
9.3000001907
9.3999996185
9.6999998093
9.8000001907
10.75
10.5
10.5
10.9499998093
11.7399997711
12.0200004578
12.3999996185
12.25
12
11.9300003052
11.9899997711
11.8800001144
11.7399997711
12.25
12.75
13.25
13.5
15.0100002289
14.5
13.5
13.5
13.1499996185
13.75
13.4499998093
13.3000001907
13.5
14
13.75
14.4499998093
14.75
15.7399997711
16.3199996948
16.25
16
16
16
15.6999998093
15.9399995804
16
15.8999996185
16
17
16.8799991608
17.5
17
17.9899997711
18.25
17.2999992371
16.4200000763
16.8500003815
16.8799991608
16.8500003815
17.2299995422
17.2299995422
17.4799995422
17.5
17.3999996185
16.5
16.5
16.3999996185
16.4200000763
16.0499992371
16
15.75
16.3500003815
16.7299995422
16.25
16.1000003815
15.9899997711
17.25
18
18.25
19.25
20
20.8999996185
19.8899993896
19.5
19.6900005341
19.7399997711
20
20
19.2700004578
19.5499992371
20
20.5
20.4500007629
19.9500007629
19.75
19.7000007629
19.5
20.1000003815
20.5
20.7000007629
20.5
20
20.4599990845
19.2700004578
19.5
19
19.2800006866
19.7000007629
19.6700000763
19.1299991608
18.7000007629
19.4500007629
18.9799995422
18.3500003815
18.0900001526
17.75
17.75
17
17.5
18.5
18.6000003815
18.6000003815
17.6000003815
17.1499996185
17.7000007629
17.7700004578
17.75
17.4500007629
17.75
18.1700000763
19.2999992371
19.7299995422
19.8999996185
19.8999996185
19.5
19.5
17.8099994659
17.6399993896
16.5599994659
16.1200008392
16
14.5699996948
14.6499996185
13.3800001144
14.1199998856
15
14.8199996948
14.25
15.5
16.5
16.75
15.75
16.7000007629
15
15.6499996185
15.25
14.1599998474
13.5
12.3999996185
12.3999996185
13.3999996185
13.6199998856
14.0500001907
15.1899995804
15.1199998856
15.0600004196
15.5
15.5699996948
15.6999998093
17
17.9200000763
18.7000007629
17.9899997711
16.3999996185
17.1000003815
17.0499992371
18.3999996185
17.6700000763
17.4500007629
16.9899997711
16.2999992371
15.5
15.3500003815
15.1000003815
14.75
14.5
14.7399997711
14.7700004578
14.7399997711
14.75
14.75
14.75
14.6499996185
14.75
14.7399997711
14.9499998093
14.7600002289
15.0200004578
15.6499996185
16.2000007629
16
16.0799999237
17
17.3299999237
17.1499996185
17.1200008392
16.8299999237
16.75
16.6499996185
17.2000007629
17.1000003815
17.4799995422
17.8999996185
17.9200000763
18.8999996185
18.75
19.0499992371
19.2000007629
18.5
18.5
18.6000003815
17.6499996185
17.75
18.3999996185
18.6000003815
19.5
19.25
18.9500007629
17.9500007629
17.0499992371
17
16.8999996185
18.25
18.3500003815
18.1100006104
18.5
19.3799991608
19.25
18.7700004578
18
17.7000007629
17.75
18.8500003815
18.5
18.5
18.4799995422
18.4500007629
18.4500007629
18.75
19
19.1499996185
19.7999992371
19.9500007629
19.75
19.75
20.25
20.5
21.7999992371
21.4200000763
21.4200000763
21.5
22.2000007629
21.6000003815
21.1000003815
21
20.5
20.6000003815
19.7999992371
19.7999992371
19.1000003815
19.6499996185
19.6499996185
20.7000007629
21.2299995422
21.1499996185
20.75
19.8600006104
20.4300003052
20.75
20.8500003815
20.8999996185
21
21.2299995422
20.7299995422
20.2000007629
20.3799991608
20.2999992371
19.9500007629
19.5
19.4500007629
19.5599994659
19.5799999237
19.2000007629
19.8199996948
20.0400009155
20
20
20
20.2999992371
20.3899993896
20.3899993896
20.3899993896
20.5
21.1000003815
21.5599994659
21.5
22.5300006866
21.7999992371
21
20.7999992371
20.5499992371
20.2999992371
19.75
19.5900001526
18.8199996948
20.2999992371
20.1800003052
19.5
20.1499996185
20.1499996185
20.6599998474
20.0599994659
19.9099998474
19.6499996185
20.5
20.7099990845
21.2900009155
20.8099994659
20
20.2999992371
20.1499996185
19.7999992371
20
20.6000003815
20.8700008392
20.8799991608
20.8799991608
20.8799991608
20.7999992371
21.6499996185
20.9500007629
20.5
19.5
19.7000007629
19.6000003815
18.8099994659
18.5
19.7999992371
18.8999996185
18.7999992371
18.8500003815
18.6100006104
17.6000003815
17.3999996185
17.8700008392
18
18.5
18.8400001526
19.3999996185
19.0400009155
19.0499992371
18.75
18.9899997711
18.6100006104
18.6000003815
19.1200008392
19
20.1000003815
20.8999996185
20.5
20.5
20.25
20.7199993134
20.7000007629
20.3999996185
20.8999996185
21.7299995422
21.7000007629
21.2999992371
21.2900009155
22.1700000763
21.6100006104
22.4899997711
23.3899993896
24
22.8500003815
21.2999992371
21.2999992371
22.2299995422
23.2000007629
23.3099994659
23.1000003815
22.8999996185
23.9899997711
22.7800006866
23.6499996185
24.2000007629
24.7999992371
25.0900001526
24.6000003815
24.5
24.2999992371
23.5499992371
23.5
22.8199996948
23.25
23.25
23.8600006104
24.7299995422
25
25.7000007629
24.8299999237
24.3999996185
23.6000003815
23.6000003815
23.0599994659
23.2199993134
22.5
23.2299995422
24.1800003052
25.0100002289
25.4500007629
25.0499992371
24.25
24.6000003815
24.0300006866
24.2000007629
23.7999992371
23.2000007629
24.1299991608
23.8999996185
24.5200004578
24.6100006104
24.7800006866
25
25.75
25.75
25.4300003052
25.1000003815
24.8299999237
25.2000007629
25
25.25
25.3899993896
26.2999992371
25.5100002289
25.1000003815
24.2999992371
24.4899997711
23.2999992371
22.6499996185
22.7999992371
22.0499992371
21.3999996185
22
21.1000003815
20.7000007629
23
23
19.8999996185
19.8999996185
20
19.5100002289
18.75
17.8999996185
19.2000007629
19
19.2999992371
19.1900005341
18.3999996185
18.1000003815
19.0300006866
18.25
18.6200008392
17.8500003815
18.5499992371
19.1599998474
19.0499992371
18.6499996185
18.3999996185
18.3999996185
17.3999996185
18.5
19.25
20.25
20.7000007629
20.6499996185
21.4899997711
21.7199993134
21.8099994659
22
21.6000003815
22.2999992371
23.0200004578
25.1000003815
24.9899997711
24.7999992371
23.5
23.5
24.1000003815
24.7999992371
24.3899993896
24.25
23.7999992371
23.7999992371
23.7999992371
23
22.9500007629
24
24.1900005341
24
25.6000003815
26.1499996185
25.8899993896
25.7000007629
26.1900005341
26.7000007629
28.5
30.1000003815
28.3899993896
28.3899993896
29
30.5
30
28.2999992371
28.9400005341
27.2999992371
28.7000007629
29.8999996185
29.8999996185
29.5
28
28
27.2999992371
26.9500007629
26.9500007629
26.5
27.1000003815
27.8500003815
26.9200000763
27.7199993134
28.2000007629
28
28.2999992371
28.8999996185
28.6000003815
27.4500007629
26.5
27.2800006866
26.5
27
25.25
25.9500007629
24.3400001526
23.9500007629
23.9200000763
23.9200000763
23.9200000763
25.2800006866
24.3999996185
24.2000007629
24.2000007629
24.2000007629
23.7099990845
23.4899997711
23
23
24.3500003815
24.2000007629
24.2999992371
23.9300003052
23.2299995422
21.7999992371
22.3999996185
22.3400001526
21.3999996185
20
21.1499996185
20.2000007629
21.75
21.75
21.7000007629
23.2800006866
23.6000003815
22.8999996185
24.1900005341
24.1900005341
24.1900005341
22.8999996185
21.5
21.1000003815
21.8500003815
22.5
24
25
25.1000003815
25.7999992371
26.2099990845
26.1100006104
25.3500003815
26.5
26.3999996185
26.75
27.3400001526
26.75
27
28.25
27.6700000763
27.7000007629
26.2399997711
25.7600002289
24.2000007629
26
25.7000007629
25.8899993896
25
24.25
25.5
24.8999996185
24.5
24.5
24.3500003815
24.1499996185
24.2000007629
24.2999992371
23
23
24.1200008392
24.6000003815
25.6599998474
25.3500003815
25.7600002289
25.7000007629
25.25
24.8600006104
25.1000003815
23.9400005341
24.1299991608
24.5
24.1000003815
23.5
23.5
23.7399997711
23.4899997711
23
23.4400005341
24.8899993896
24.0100002289
27.7299995422
27.7299995422
29.0100002289
29
27.9500007629
26.8999996185
26.7299995422
26
26.5300006866
26.9899997711
26.3299999237
26.8999996185
27.2999992371
27.6000003815
26.9500007629
26.2999992371
26.2999992371
25.75
25.2800006866
25.0599994659
26.5900001526
26.4899997711
27.2800006866
25.7999992371
24.5
23.8700008392
25.7000007629
24.5
24.1000003815
24.1000003815
22.7700004578
23.1299991608
23.3400001526
23.4400005341
24.2000007629
23.0900001526
22.1100006104
22.4500007629
21.8899993896
21.8500003815
22.5799999237
21.7999992371
21.9500007629
22.1399993896
21.7999992371
20.4899997711
19.7999992371
19.8999996185
19.6499996185
19.5900001526
19.5900001526
19.4599990845
18.9300003052
18.8600006104
20.5
22.4799995422
21.3799991608
20.5
21.1700000763
21.6000003815
22.7999992371
22.5499992371
22.3500003815
21.5
22.3999996185
23.2000007629
22.7999992371
21.5900001526
20.6499996185
21.7999992371
22.2999992371
22
22.5
22.3500003815
22.0499992371
21.2000007629
21.3999996185
20.7800006866
20.7000007629
20.1000003815
21.2600002289
21.7399997711
20.9899997711
20.6000003815
20
20.25
20.2000007629
20.4899997711
20.4500007629
20.4400005341
19.8999996185
18.6900005341
18.1499996185
19.0499992371
18.8400001526
19.3999996185
19.3899993896
19
17.6499996185
17.8999996185
16.5
18.5
20.5
19.6200008392
19.7999992371
19.6000003815
20.5
20
18.2000007629
19.5
19.7000007629
17.9500007629
17
17.3999996185
15
13.220000267
11.4200000763
10.8999996185
11.6000003815
12.8000001907
10.5
10.8000001907
10.8100004196
12.0500001907
12.3999996185
10.2600002289
9.4099998474
8.3299999237
7.75
10.3500003815
11.5
12.1000003815
10.6000003815
11.8000001907
12.6700000763
11.8000001907
9.6999998093
9.1999998093
7.9000000954
8.1000003815
7.3200001717
7.7600002289
7.4000000954
6.9000000954
6.5
6.3000001907
6.3000001907
5.8000001907
6.3099999428
7.1999998093
7.8499999046
7.7100000381
7.8400001526
7.3800001144
7.5
7
7.4800000191
8
8.8999996185
9
9.6999998093
9.75
9.5
8.9099998474
9.2299995422
8.9200000763
8.6499996185
9.1000003815
8.9399995804
8.1499996185
8.1499996185
8.1499996185
8.5500001907
8.8199996948
9.1999998093
9.1999998093
9.1999998093
9.7899999619
10.4899997711
11
11
10.8000001907
10.4899997711
9.3000001907
9.25
8.6499996185
9.3000001907
9.5799999237
9.2600002289
8.3699998856
8.779999733
8.0399999619
8.3800001144
8.4200000763
8.6199998856
9.5500001907
9.470000267
9.3000001907
9.4499998093
10.3999996185
9.8500003815
9.970000267
10.3999996185
10.1199998856
9.6700000763
9.5500001907
9.6000003815
10
9.9499998093
9.470000267
9.0100002289
8.4799995422
7.9499998093
7.9499998093
7.9499998093
7.3699998856
7.25
7.0399999619
6.5500001907
7.1599998474
7.0999999046
7.3400001526
7.1100001335
7.0999999046
7.5799999237
7.3600001335
7.2399997711
7.25
7.2100000381
7.5999999046
7.9299998283
8
8.1499996185
9.1199998856
8.6800003052
8.6700000763
8.9799995422
8.8000001907
8.9200000763
9.1800003052
9.7899999619
10.6999998093
10.8599996567
10.6800003052
11.3000001907
12.25
11.3599996567
11.3599996567
11.8800001144
11.8100004196
11.5
11.5100002289
11.75
10.970000267
10.970000267
11.8500003815
12.1800003052
13.6000003815
13.8500003815
12.9499998093
14.3000001907
13.6099996567
13.6099996567
15.3000001907
14.8100004196
14.7899999619
14.5200004578
14.8000001907
14.220000267
13.9499998093
13.0100002289
13.6400003433
13.1499996185
14.1000003815
14.5
14
13.25
13.8699998856
13.9899997711
14.8000001907
15
15.2899999619
15.1000003815
15
14.5799999237
13.6999998093
14.1599998474
13.8999996185
13.8999996185
14
13.6099996567
13.6099996567
14
13.1000003815
13.1700000763
13.3999996185
13.5
13.5600004196
12.7600002289
13.0600004196
13.5
14.3199996948
14.2399997711
14.8500003815
14.8500003815
14.9300003052
14.779999733
14.970000267
15.1499996185
14.8000001907
14.1999998093
14.1999998093
14.5200004578
14.0699996948
14.6400003433
15.7899999619
16.1000003815
16.5499992371
16.8299999237
16.8500003815
17.2999992371
17.9899997711
18
18.6399993896
19
18.5499992371
18.8299999237
19.25
19.7099990845
20.6499996185
20.7399997711
19.7999992371
19.2999992371
19.2000007629
19.3999996185
20.4500007629
20.7800006866
20.7999992371
20.3999996185
21.0100002289
21.1000003815
22.3099994659
23.5499992371
24
24.0900001526
25.2000007629
24.8099994659
24.5200004578
23.6900005341
22.1000003815
21.0100002289
20.8500003815
22.6000003815
22.6000003815
23.2700004578
23.7000007629
23.3700008392
23.6499996185
24
24.5599994659
24.8400001526
24
23.5100002289
23.8400001526
24.5799999237
23.6000003815
23
23.75
23.7900009155
23.1000003815
23.0499992371
22.25
23.2999992371
23.5
24.2099990845
24.5
25
24.8500003815
24.8500003815
26.4899997711
27.8999996185
27.2999992371
27.5900001526
27
25.3199996948
24.8099994659
25.2000007629
24.2999992371
24.0699996948
22.3999996185
21.2999992371
23.1000003815
22.5
22.5
22.1200008392
23.5499992371
24.0599994659
23.8999996185
23.9699993134
23.8199996948
24.25
23.1000003815
24.5499992371
24.7999992371
24.75
24.3099994659
24.3500003815
24.3500003815
24.5
24.5499992371
24.4500007629
23.7099990845
23.5
24.7000007629
25.3899993896
25.2399997711
25.2000007629
24.7999992371
25.4200000763
25
24.8999996185
24.8099994659
24.6900005341
24.5499992371
24.0499992371
23.6000003815
23.2399997711
23.4799995422
22.6000003815
23.3500003815
23.5300006866
23.5300006866
23.5300006866
23.6499996185
23.7999992371
24.5
24.2000007629
23.9699993134
24
23.5400009155
23.5
23.7299995422
24.1200008392
23.75
23.5300006866
23.2399997711
22.9799995422
22.9599990845
21.8899993896
21.1399993896
21.3500003815
21.3500003815
21.7000007629
22.0100002289
22.1499996185
21.6399993896
22.7000007629
23.1000003815
23
21.6399993896
21.1000003815
21.1200008392
22.2099990845
22.7099990845
23.1299991608
22.8999996185
22.8999996185
22.8999996185
23.6299991608
24
24.0400009155
23.7700004578
23.2399997711
23.1800003052
22.7299995422
22.5499992371
22.7299995422
22.6599998474
22.9500007629
22.6000003815
22.5400009155
21.9599990845
21.8999996185
22.4799995422
22.7099990845
22.6200008392
22.1499996185
22.3999996185
21.9200000763
22.2299995422
21.8999996185
21.8999996185
21.5499992371
21.4500007629
21.2600002289
21.1000003815
20.8500003815
20.7000007629
21.0599994659
21.8199996948
21.8199996948
21.8199996948
21.4699993134
21.0900001526
21.8500003815
21.2800006866
21.1299991608
21.5
21.4899997711
21.1700000763
20.6499996185
20.6499996185
20.9799995422
20.9799995422
21.5499992371
21.1599998474
21.25
20.7000007629
20.6499996185
20.5100002289
21
21.3999996185
21
21.0100002289
20.0499992371
19.9899997711
21.4899997711
21.1200008392
21
20.3999996185
19.1000003815
18.8299999237
17.6499996185
17.3500003815
18.3799991608
19.1000003815
18.6000003815
18.0699996948
18.5
19.3600006104
19.6499996185
19.75
19.2800006866
20.25
20.25
19.4500007629
18.9500007629
19.4099998474
18.8400001526
19.5
20.0699996948
20.7999992371
20.8500003815
20.5300006866
20.8999996185
21
21.1399993896
21.1000003815
21.3999996185
20.5900001526
20.9500007629
20.8099994659
19.6900005341
19.5100002289
19.3999996185
19.4500007629
19.5
19.8500003815
20.1000003815
20.4899997711
20.4899997711
20.7000007629
21.2000007629
21.5799999237
22
21.1299991608
21.9599990845
21.8400001526
21.6700000763
22.5499992371
23.1000003815
22.9500007629
23.1900005341
23.6000003815
24.6000003815
24.7900009155
25.5100002289
24.9500007629
24.6000003815
24.0499992371
23.4200000763
23.3999996185
22.8999996185
22.6000003815
22.0400009155
21.9500007629
22.7399997711
23.3799991608
23.7999992371
23.2900009155
22.9500007629
22.9500007629
22.7199993134
22.3099994659
21.5100002289
22
22.9699993134
21.8299999237
22.2999992371
22.7399997711
22.3999996185
22.25
22.25
22.2800006866
23.2000007629
23.4300003052
23.9500007629
24.3799991608
24.7900009155
24.2000007629
23.5
22
23.8500003815
24.4799995422
25
24.7999992371
24.7999992371
24.75
24.5
23.9500007629
24.3799991608
25
25.4500007629
25.2000007629
24.5
24.6000003815
24.9300003052
24.9300003052
25.7000007629
25.8799991608
25.5599994659
25.1000003815
23.6000003815
23.2800006866
22.8299999237
22.6000003815
22.6100006104
22.7999992371
23.3899993896
22.7999992371
23.5
22.2999992371
22.2999992371
21.6599998474
22.7000007629
22.7199993134
22.25
21.0499992371
20.9099998474
21.1599998474
20.9099998474
20.9099998474
20.3999996185
21.0699996948
21.8700008392
21.8999996185
21.1000003815
20.1399993896
21.0499992371
21.2099990845
21.2700004578
20.75
21.7000007629
22.2000007629
22.2399997711
22
21.8500003815
21.9500007629
21.0599994659
20.7099990845
20.8700008392
20.8799991608
20.6599998474
19.7199993134
19.0300006866
19.2999992371
18.5499992371
19.7999992371
20.2800006866
20.2399997711
20.2399997711
20
20.4899997711
21.2999992371
21.8500003815
21.8500003815
21.6000003815
21.3700008392
21.5
20.7800006866
20.3899993896
20.3199996948
20.4300003052
21.0200004578
20.2999992371
20.3799991608
20.1200008392
20.75
20.6299991608
20.6499996185
20.1399993896
20.5900001526
20.5900001526
19.8999996185
19.25
18.4699993134
18.4099998474
19.3999996185
18.1499996185
18.2800006866
17.6100006104
17.75
18.3999996185
17.75
17.3899993896
18.5799999237
19.1499996185
18.7399997711
18.4400005341
18.1900005341
18.4599990845
17.7399997711
16.7999992371
16.8999996185
17
16.5499992371
15.7600002289
15.8999996185
16.5
15.8999996185
15.720000267
16.2000007629
15.1499996185
14.9600000381
15.5
15.0799999237
15.2899999619
15.0600004196
15.279999733
14.9499998093
14.9799995422
15.1700000763
14.9200000763
14.9899997711
15.2700004578
15.4799995422
15.8699998856
15.7899999619
16.3899993896
16.3600006104
16.1200008392
15.6499996185
15.8599996567
15.8699998856
16.1800003052
16.1900005341
16.7399997711
17.1000003815
17.0499992371
17.0499992371
16.9799995422
16.3700008392
16.5100002289
16.1599998474
15.8699998856
15.3500003815
15.220000267
15.6999998093
15.6199998856
15.9099998474
16.1499996185
16.25
16.1100006104
15.3800001144
14.8500003815
15.5100002289
15.8599996567
16.2600002289
16.3500003815
16.3899993896
16.3899993896
16.3700008392
16.8999996185
16.1900005341
16.5699996948
16.9400005341
16.2999992371
16.2999992371
16.2900009155
16.5799999237
16.1000003815
15.8900003433
15.4499998093
15.279999733
15
14.9499998093
15.0200004578
14.8500003815
14.8400001526
14.8500003815
15.3999996185
15.470000267
15.3000001907
14.8699998856
15.2299995422
15.3500003815
15.0500001907
14.6499996185
14.6000003815
14.3199996948
14.0100002289
13.8000001907
14.6599998474
14.5900001526
14.5799999237
14.1700000763
14.4899997711
14.8699998856
15.4300003052
15.7899999619
15.5699996948
15.1300001144
14.5200004578
14.7299995422
15.0600004196
14.8000001907
14.5
14.4499998093
13.4099998474
13.6999998093
12.8599996567
14.3000001907
14.279999733
14.6599998474
13.8299999237
14.1499996185
14
14.2100000381
13.4499998093
13.7299995422
13.75
14.3000001907
13.9399995804
13.5200004578
13.4200000763
14.3900003433
14.8599996567
15.0900001526
15.8999996185
15.3100004196
14.7299995422
15.25
15.6000003815
14.6000003815
14.1899995804
14.1099996567
13.9899997711
13.9499998093
14.2299995422
13.75
12.8999996185
12.6999998093
11.9499998093
12.1999998093
12.220000267
12.1999998093
12
12.1099996567
11.7100000381
11.220000267
11.3999996185
11.6199998856
11.9899997711
11.8699998856
12.5100002289
12.6000003815
13.1999998093
13.5399999619
13.2399997711
13.5500001907
13.970000267
13.4600000381
13.9099998474
14.3500003815
15.779999733
15.0100002289
14.3000001907
14.4200000763
14.5500001907
14.9099998474
15.1099996567
14.1499996185
14.9499998093
14.5
14.3900003433
13.6400003433
13.6800003052
13.6099996567
13.6499996185
13.4799995422
13.8699998856
13.8999996185
14.6700000763
15
15.029999733
15.6599998474
15.9899997711
15.9499998093
16.2199993134
15.8500003815
15.0600004196
15.6300001144
15.3800001144
15.3599996567
15.6899995804
15.7899999619
15.1999998093
15.0699996948
14.7100000381
14.9200000763
15.1700000763
15.279999733
15.3999996185
14.8599996567
14.8400001526
14.8400001526
15.3900003433
16.1499996185
15.9899997711
15.6000003815
15.4799995422
15.7299995422
15.6400003433
15.6599998474
15.9499998093
15.1499996185
15.25
15.0699996948
15.6099996567
16.2399997711
16.2000007629
15.8999996185
15.8999996185
16.5599994659
16.8099994659
16.6900005341
16.1800003052
16.9899997711
17.1299991608
17.5699996948
17.6599998474
17.7999992371
17.8799991608
17.2600002289
16.7399997711
17.5499992371
17.2199993134
18.0900001526
18.6900005341
18.75
18.75
18.75
18.3500003815
18.1100006104
18
17.4200000763
17.6800003052
17.3199996948
18.2099990845
18.9300003052
19.0400009155
18.2800006866
19.1200008392
19.3999996185
18.5
18.75
19.4799995422
18.8299999237
18.25
17.7099990845
17.6800003052
18.2700004578
18.1499996185
17.5100002289
17.4200000763
17.7900009155
17.1000003815
16.8999996185
16.7800006866
16.1499996185
16.1499996185
16.2099990845
16.9899997711
17.2999992371
17.2999992371
16.6399993896
16.1499996185
15.8100004196
16.3099994659
15.8000001907
16.2900009155
17.2199993134
17.5
17.5599994659
16.7000007629
16.0599994659
16.2000007629
16.7099990845
17.1000003815
15.75
15.3999996185
15.3999996185
15.6800003052
16.1000003815
15.779999733
15.970000267
15.8999996185
15.1000003815
14.5799999237
14.9399995804
14.3199996948
14.1999998093
14.3800001144
14.3400001526
14.1800003052
14.4799995422
13.6499996185
14.0200004578
14.1499996185
14.8500003815
15.2100000381
14.6599998474
14.4099998474
15.1199998856
14.6099996567
15.0399999619
14.2399997711
15.3000001907
15.3000001907
15.3500003815
15.0200004578
14.9200000763
15.6800003052
15.2299995422
15.7600002289
15.5
15.6499996185
15.5100002289
14.9600000381
15.1999998093
14.6400003433
14.4099998474
14.2899999619
14.4600000381
14.8000001907
14.9099998474
15.3999996185
15.25
15.3699998856
14.8999996185
14.8999996185
14.2700004578
13.9899997711
13.7600002289
13.9200000763
13.1999998093
13.9200000763
14.3999996185
14.9499998093
14.2600002289
13.3100004196
13.3999996185
13.4600000381
14.1499996185
15
15.5
14.8000001907
15.529999733
15.1700000763
16.1499996185
17.1499996185
16.4500007629
16.9300003052
17.2199993134
17.3299999237
17
16.2999992371
16.6000003815
17
17.2000007629
17
16.9200000763
16.8899993896
16.2199993134
16.5
16.3999996185
16.9899997711
16.7000007629
16.8700008392
16.5100002289
16.7900009155
16.6499996185
16.7999992371
17.0799999237
17.0799999237
16.9500007629
16.9899997711
17
17.2999992371
17.1700000763
17.0799999237
17.25
17.5799999237
18
17.9500007629
18.1000003815
18.0100002289
17.9500007629
18.0400009155
17.3999996185
17.8999996185
18
17.5
17.3500003815
18.1000003815
18.3400001526
17.9300003052
18
18.2000007629
18.2000007629
18.1299991608
18.2999992371
18.25
18.1299991608
17.8899993896
17.5799999237
17.3700008392
17.5499992371
17.2000007629
17.2999992371
17.2999992371
17.2199993134
17.6499996185
17.6499996185
17.75
18.2299995422
18.0799999237
17.9500007629
17.8999996185
17.5100002289
17.2800006866
16.6900005341
16.6900005341
16.3500003815
16.9899997711
16.9899997711
17.1499996185
17.4799995422
17.75
17.3799991608
17.3400001526
17.7999992371
17.8199996948
18.3099994659
18.3500003815
18.2000007629
18.7000007629
18.7000007629
18.7999992371
17.9099998474
17.5400009155
17.2999992371
17.3299999237
17.3600006104
17.6599998474
17.8999996185
18.0400009155
17.8999996185
17.8999996185
17.8999996185
17.9500007629
17.9400005341
17.8899993896
17.8899993896
17.8899993896
18.0200004578
18.1100006104
17.7000007629
