1345
1246
1252
1254
1188
1202
1243
1202
1192
1270
1312
1361
1369
1331
1351
1252
1321
1275
1325
1322
1336
1393
1456
1610
1622
1422
1528
1433
1488
1418
1467
1506
1514
1573
1653
1711
1741
1639
1755
1557
1572
1585
1653
1653
1642
1730
1828
1902
1994
1865
1914
1780
1842
1733
1804
1741
1712
1912
1956
1956
2257
2138
2070
2046
1952
1994
2047
1957
2101
2217
2274
2430
2421
2330
2374
2168
2250
2224
2390
2255
2328
2398
2528
2720
2763
2534
2784
2505
2578
2477
2568
2548
2673
2726
3012
3186
3233
2941
2940
2914
2863
2839
2912
2819
2948
3068
3251
3543
3618
3423
3488
3125
3213
3048
3276
3106
3253
3529
3688
3941
4076
3802
3958
3617
3621
3514
3717
3554
3625
3918
4136
4556
4487
4185
4366
4175
3965
3985
4124
3848
4178
4358
4407
4939
4983
4496
4951
4253
4245
4140
4416
4102
4346
4426
4959
5320
5426
5208
5271
4758
4862
4735
4794
4523
4848
5148
5479
5933
6271
5756
6054
5323
5426
5166
5382
5151
5507
5857
6194
6564
6718
6239
6527
5828
5910
5542
5831
5451
5862
6432
6526
6829
6949
6273
6619
6337
5935
5816
6124
5422
6040
6559
6777
7545
7239
6693
6807
6327
6165
6139
6473
5544
6206
6573
7188
7506
7689
7002
7282
6563
6688
6370
6349
5559
6547
6739
7305
7773
8231
7286
7360
7091
6929
6781
6756
5959
6951
7187
7756
8176
8602
7736
8330
7408
7543
7224
7275
6344
7163
7717
8459
8617
9341
8222
8374
7598
7648
7318
7615
6352
7552
8073
8398
9268
9267
8585
8273
7594
7678
7647
7918
6423
7597
7906
8202
8771
8893
8389
8740
7764
7936
7731
8269
6614
7832
7995
8529
9390
9611
8994
8712
8123
8367
8147
8495
6892
8203
8397
8651
9651
10126
9243
9891
8144
8797
8352
8880
7538
8460
8860
9082
9624
10995
8976
9645
8483
8905
8581
9352
7775
8966
9278
9841
10163
10753
9969
9464
9544
8927
8958
9582
7863
8967
9178
9572
10235
10977
9826
9717
9019
9313
9371
10021
8450
9673
9686
10182
10418
10654
10338
10548
9581
9779
9534
10347
9099
10165
10067
10664
11659
12251
10857
10790
10504
10234
10431
11134
9791
10232
10582
10851
10992
12565
10597
11505
10541
10743
10956
11529
10104
10778
10918
11612
12774
13241
12119
11502
11083
11272
10977
11864
10479
11281
11724
12084
12490
13812
12538
12277
11212
11277
10822
12051
10711
11357
11618
11570
12230
13118
11936
12474
10900
11095
11213
11912
10777
11200
11797
12265
12738
13148
12163
12096
11599
11696
11965
12805
11644
11925
11859
12235
13141
13989
12091
13301
11824
12406
12450
13097
12092
12240
12364
12611
13299
13850
13528
13540
11994
12492
12787
13522
12235
12311
12885
13263
13831
14794
12505
12945
12939
13075
13055
13848
12973
13642
13755
13930
14916
15175
13704
14383
13715
13716
14103
15286
13817
14169
14305
14689
15991
16166
14969
15404
14033
14638
15056
16260
14644
14991
14932
16227
16950
17817
15649
16321
15101
15672
16128
16723
15836
14682